vesselCount = 23
UT = 7101331.8803914543
gameMode = CAREER
gameNull = False
kspVersion = 1.12.5
funds = 549318.50479179155
science = 158
reputationPercent = 63
ongoingContracts = 0
missionCurrentScore = 0
missionIsStarted = False
missionIsEnded = False
missionHistoryId = 00000000-0000-0000-0000-000000000000
missionExpansionVersion = 
saveMD5 = 
lastWriteTime = 638356769435453965
