vesselCount = 16
UT = 8216304.9695634888
gameMode = CAREER
gameNull = False
kspVersion = 1.12.5
funds = 1222421.9051169085
science = 288
reputationPercent = 65
ongoingContracts = 0
missionCurrentScore = 0
missionIsStarted = False
missionIsEnded = False
missionHistoryId = 00000000-0000-0000-0000-000000000000
missionExpansionVersion = 
saveMD5 = 
lastWriteTime = 638345920119020161
