vesselCount = 0
UT = 111701.20366363769
gameMode = CAREER
gameNull = False
kspVersion = 1.12.5
funds = 302568.02595970267
science = 89
reputationPercent = 15
ongoingContracts = 0
missionCurrentScore = 0
missionIsStarted = False
missionIsEnded = False
missionHistoryId = 00000000-0000-0000-0000-000000000000
missionExpansionVersion = 
saveMD5 = 
lastWriteTime = 638339578302011197
