vesselCount = 9
UT = 2284438.1559395432
gameMode = CAREER
gameNull = False
kspVersion = 1.12.5
funds = 456247.4086434528
science = 44
reputationPercent = 49
ongoingContracts = 0
missionCurrentScore = 0
missionIsStarted = False
missionIsEnded = False
missionHistoryId = 00000000-0000-0000-0000-000000000000
missionExpansionVersion = 
saveMD5 = 
lastWriteTime = 638350648573096529
