vesselCount = 15
UT = 7544362.4742158046
gameMode = CAREER
gameNull = False
kspVersion = 1.12.5
funds = 1135866.6296256708
science = 45
reputationPercent = 64
ongoingContracts = 3
missionCurrentScore = 0
missionIsStarted = False
missionIsEnded = False
missionHistoryId = 00000000-0000-0000-0000-000000000000
missionExpansionVersion = 
saveMD5 = 
lastWriteTime = 638344063306262996
