vesselCount = 1
UT = 3479926.873206967
gameMode = CAREER
gameNull = False
kspVersion = 1.12.5
funds = 336427.82992817927
science = 191
reputationPercent = 42
ongoingContracts = 0
missionCurrentScore = 0
missionIsStarted = False
missionIsEnded = False
missionHistoryId = 00000000-0000-0000-0000-000000000000
missionExpansionVersion = 
saveMD5 = 
lastWriteTime = 638341280470282222
