vesselCount = 15
UT = 8116620.0273996759
gameMode = CAREER
gameNull = False
kspVersion = 1.12.5
funds = 1183357.3215483355
science = 1227
reputationPercent = 65
ongoingContracts = 1
missionCurrentScore = 0
missionIsStarted = False
missionIsEnded = False
missionHistoryId = 00000000-0000-0000-0000-000000000000
missionExpansionVersion = 
saveMD5 = 
lastWriteTime = 638345856929597986
