vesselCount = 0
UT = 20800.629646343124
gameMode = CAREER
gameNull = False
kspVersion = 1.12.5
funds = 42119.268420696259
science = 6
reputationPercent = 6
ongoingContracts = 0
missionCurrentScore = 0
missionIsStarted = False
missionIsEnded = False
missionHistoryId = 00000000-0000-0000-0000-000000000000
missionExpansionVersion = 
saveMD5 = 
lastWriteTime = 638338769642948814
