vesselCount = 0
UT = 2541.4882379134206
gameMode = CAREER
gameNull = False
kspVersion = 1.12.5
funds = 88737.130434989929
science = 83
reputationPercent = 4
ongoingContracts = 0
missionCurrentScore = 0
missionIsStarted = False
missionIsEnded = False
missionHistoryId = 00000000-0000-0000-0000-000000000000
missionExpansionVersion = 
saveMD5 = 
lastWriteTime = 638338569443309481
