vesselCount = 12
UT = 6356391.0164789082
gameMode = CAREER
gameNull = False
kspVersion = 1.12.5
funds = 381629.45216798887
science = 151
reputationPercent = 54
ongoingContracts = 6
missionCurrentScore = 0
missionIsStarted = False
missionIsEnded = False
missionHistoryId = 00000000-0000-0000-0000-000000000000
missionExpansionVersion = 
saveMD5 = 
lastWriteTime = 638343315450443552
