vesselCount = 0
UT = 81370.437649321058
gameMode = CAREER
gameNull = False
kspVersion = 1.12.5
funds = 33627.078695416363
science = 0
reputationPercent = 8
ongoingContracts = 1
missionCurrentScore = 0
missionIsStarted = False
missionIsEnded = False
missionHistoryId = 00000000-0000-0000-0000-000000000000
missionExpansionVersion = 
saveMD5 = 
lastWriteTime = 638347404294632884
