vesselCount = 1
UT = 924459.78351193527
gameMode = CAREER
gameNull = False
kspVersion = 1.12.5
funds = 151039.72382293432
science = 138
reputationPercent = 29
ongoingContracts = 0
missionCurrentScore = 0
missionIsStarted = False
missionIsEnded = False
missionHistoryId = 00000000-0000-0000-0000-000000000000
missionExpansionVersion = 
saveMD5 = 
lastWriteTime = 638339819504625831
