vesselCount = 11
UT = 5452993.764268483
gameMode = CAREER
gameNull = False
kspVersion = 1.12.5
funds = 416486.86708498106
science = 112
reputationPercent = 54
ongoingContracts = 6
missionCurrentScore = 0
missionIsStarted = False
missionIsEnded = False
missionHistoryId = 00000000-0000-0000-0000-000000000000
missionExpansionVersion = 
saveMD5 = 
lastWriteTime = 638342945978379786
