vesselCount = 0
UT = 45791.717895916074
gameMode = CAREER
gameNull = False
kspVersion = 1.12.5
funds = 68468.758618831635
science = 24
reputationPercent = 6
ongoingContracts = 1
missionCurrentScore = 0
missionIsStarted = False
missionIsEnded = False
missionHistoryId = 00000000-0000-0000-0000-000000000000
missionExpansionVersion = 
saveMD5 = 
lastWriteTime = 638338954101476368
