vesselCount = 1
UT = 3695690.9244999471
gameMode = CAREER
gameNull = False
kspVersion = 1.12.5
funds = 336056.57132126857
science = 11
reputationPercent = 42
ongoingContracts = 5
missionCurrentScore = 0
missionIsStarted = False
missionIsEnded = False
missionHistoryId = 00000000-0000-0000-0000-000000000000
missionExpansionVersion = 
saveMD5 = 
lastWriteTime = 638341534028528470
