vesselCount = 1
UT = 74931.734585117156
gameMode = CAREER
gameNull = False
kspVersion = 1.12.5
funds = 119498.04836931356
science = 63
reputationPercent = 8
ongoingContracts = 1
missionCurrentScore = 0
missionIsStarted = False
missionIsEnded = False
missionHistoryId = 00000000-0000-0000-0000-000000000000
missionExpansionVersion = 
saveMD5 = 
lastWriteTime = 638339463250457356
